Part 1

121 111 117 32 104 97 118 101 32 121 111 117 114 32 111 119 110 32 108 105 102 101 32 97 104 101 97 100 32 111 102 32 121 111 117 46 32 73 116 8217 115 32 106 117 115 116 32 116 104 97 116 32 111 117 114 32 112 97 116 104 115 32 104 97 112 112 101 110 101 100 32 116 111 32 99 114 111 115 115 32 102 111 114 32 97 32 108 105 116 116 108 101 32 119 104 105 108 101

Part 2

105 102 32 121 111 117 32 100 111 110 8217 116 32 116 97 107 101 32 114 105 115 107 115 44 32 121 111 117 32 99 97 110 8217 116 32 99 114 101 97 116 101 32 97 32 102 117 116 117 114 101

Part 3

84 104 101 32 115 116 114 111 110 103 32 115 104 111 117 108 100 32 112 114 111 116 101 99 116 32 116 104 101 32 119 101 97 107 46 32 84 104 101 110 32 116 104 101 32 119 101 97 107 32 119 105 108 108 32 98 101 99 111 109 101 32 115 116 114 111 110 103 44 32 97 110 100 32 116 104 101 121 32 105 110 32 116 117 114 110 32 119 105 108 108 32 112 114 111 116 101 99 116 32 111 116 104 101 114 115

Part 4

87 101 32 111 110 108 121 32 116 114 97 118 101 108 101 100 32 116 111 103 101 116 104 101 114 32 102 111 114 32 97 32 109 101 114 101 32 116 101 110 32 121 101 97 114 115